103
104
102
61
55
51
57
45
47
49
105
107
101
106
108
44
61
55
51
57
45
47
49
105
107
101
106
108
44
61
55
51
57
47
49
109
113
111
115
101
112
116
44
46
47
49
109
113
110
114
61
55
51
57
45
47
49
45
47
37
41
43
39
37
41
43
39
37
41
43
39
37
41
43
39
37
41
43
39
37
41
43
39
37
41
43
39
37
41
43
39
37
41
43
39
37
41
43
39
37
41
43
39
37
41
43
39
37
41
43
39
37
41
43
39
37
41
43
39
37
41
43
39
36
38
40
42
36
38
40
42
36
38
40
42
36
38
40
42
36
38
40
42
36
38
40
42
36
38
40
42
36
38
40
42
36
38
40
42
36
38
40
42
36
38
40
42
36
38
40
42
36
38
40
42
36
38
40
42
36
38
40
42
36
38
40
42
44
46
48
44
44
44
44
46
44
48
48
48
50
58
44
58
59
50
50
50
60
54
58
56
52
50
58
58
48
48
48
44
58
44
46
44
48
50
60
54
58
56
52
50
58
44
44
46
50
50
60
54
58
56
52
44
46
50
60
54
58
56
52
92
93
80
94
79
119
120
118
41
43
39
41
43
39
135
137
117
40
136
138
42
41
43
39
41
43
39
135
137
117
40
40
136
138
42
41
43
39
41
43
39
127
131
117
40
40
128
132
129
133
41
43
39
41
43
39
127
131
117
40
40
128
132
129
133
41
43
39
139
143
141
145
117
142
146
36
41
43
39
139
143
141
145
117
142
146
36
139
143
140
144
153
154
148
155
150
156
152
53
61
51
55
59
53
61
51
55
59
157
159
149
158
160
53
61
51
55
59
53
61
51
55
59
157
159
149
158
160
53
61
51
55
59
53
61
51
55
59
157
159
149
158
160
58
58
53
61
51
55
59
53
61
51
55
59
157
159
149
158
160
58
58
53
61
51
55
59
57
53
61
51
55
59
57
52
60
52
60
54
67
54
69
54
65
54
63
71
54
67
54
69
54
65
54
63
71
161
164
162
165
149
163
166
53
61
51
55
59
57
53
61
51
55
59
57
52
60
52
60
54
54
67
54
54
69
54
54
65
54
54
63
71
161
164
162
165
149
163
166
62
62
53
61
51
55
59
57
53
61
51
55
59
57
52
60
52
60
54
54
67
54
54
69
54
54
65
54
54
63
71
161
164
162
165
149
163
166
53
61
51
55
59
57
50
58
50
50
50
60
54
58
56
52
50
58
53
61
51
55
59
57
50
58
50
50
50
60
54
58
56
52
50
58
50
60
54
58
56
52
50
58
50
60
54
58
56
52
50
58
50
50
60
54
58
56
52
50
50
60
54
58
56
52
50
60
54
58
56
52
50
60
54
58
56
52
97
98
80
99
81
79
100
